523
1112
1002
16113
1018
194
16114
1121
1122
1123
581
1169
1170
1413
1173
1176
1177
586
256
161
162
234
1025
1029
1030
1033
1034
252
1103
1104
1184
266
274
275
184
53
1301
74
1164
10002
75
110
79
81
114
126
1186
1187
151
529
83
84
136
137
139
522
143
145
141
140
138
133
16116
16117
127
123
122
121
120
116
1004
1005
1006
1007
1008
115
16124
259
247
242
240
255
16131
1116
570
1168
388
387
268
68
101
146
108
73
230
232
272
1016
1
2
5
257
265
51
156
576
577
579
1165
1040
1043
1045
1047
1048
1052
1053
1054
1062
1066
1067
1068
1069
1070
16132
1073
1074
1076
1078
1079
1081
1085
267
246
1021
1022
1023
1024
16133
1088
1090
1092
1093
1095
164
1003
574
578
61
62
91
92
93
94
57
1009
1010
96
65
97
66
98
99
67
129
76
77
78
111
112
82
124
85
16134
86
87
1302
88
1303
528
526
1026
1027
1028
142
132
10005
125
119
118
243
225
1031
1109
583
584
1414
1167
1415
1175
1180
1181
1182
149
1072
56
59
60
63
64
1075
95
248
236
233
228
270
1077
1080
1082
1083
1084
1087
1089
1091
1094
1096
1110
588
589
590
591
100
102
69
103
105
104
106
71
107
72
245
269
241
237
254
231
1041
1042
1044
587
1046
1049
1050
1051
1055
1056
1057
263
239
264
52
163
226
1059
1061
572
573
1163
1166
1015
1020
1036
1038
1039
1107
1108
585
520
521
524
1111
1113
1114
1115
229
227
238
277
10053
10056
10058
10061
10062
10064
10065
10068
10069
10070
10073
10076
10078
10080
10081
10082
10083
10084
1019
10010
10013
10014
575
10019
10020
10021
10022
10023
10024
10025
10026
10027
10028
10029
10030
10031
10032
10047
10048
10049
10050
10051
10052
166
167
168
169
170
171
172
10006
10007
144
160
11
9
10011
10012
582
571
10004
10015
10016
10017
10018
10033
10034
10035
10036
10037
10038
10039
10040
10041
10042
10043
10044
10045
10057
10091
10092
10095
10096
10097
10111
10112
10113
10115
10116
10117
10121
10127
16149
16154
16156
16157
173
224
174
175
176
16128
179
181
182
16129
10054
10066
10087
10088
10108
10110
10071
10072
10075
10093
16143
10103
10104
10106
10109
10120
10122
10123
10125
10126
10136
10098
10105
10107
10118
10119
10145
16135
10074
10079
10099
10100
10140
10142
10143
10146
901
16161
10077
10085
10089
10094
10128
10129
10130
10131
10132
10135
10137
10139
10141
10144
16130
16150
16152
16153
16155
16120
15614
10410
10411
10124
10090
10134
10138
10568
10570
10571
10572
10573
10574
10575
10576
10577
10578
10579
10569
10580
10581
10582
10583
10584
10585
10586
10587
10589
10596
10597
10598
10602
10603
10605
10606
10607
10608
10609
10610
10611
10612
10616
16115
16125
16126
10404
10405
10406
16147
10413
10414
10133
10590
10591
10592
10593
10594
10595
10599
10600
10613
10604
10614
10615
10617
10618
10403
16118
16159
10086
10409
16111
10424
10619
260
10642
10650
10654
10669
10671
10672
10681
10685
10690
10697
10698
10703
10706
10708
10731
10733
10736
10738
10741
10742
10750
10756
10760
10761
10763
10764
10770
10771
10772
10623
10628
10633
10634
10636
10637
10638
10643
10644
10655
10659
10663
10680
10684
10691
10714
10715
10732
10735
10737
10739
10766
10768
10773
10778
10779
10780
10781
10783
261
10640
10667
10677
10682
10683
10689
10692
10716
10717
10718
10719
10722
10725
10743
10747
10749
10751
10754
10755
10774
10775
10777
10785
10787
10788
10789
10795
10796
10797
10799
10653
10649
10660
16112
10720
10726
10748
10776
10782
10786
10800
10817
10818
10819
10820
10821
10822
10823
10825
10826
10827
10828
10831
10620
10645
10678
10696
10765
10784
10790
10791
10792
10793
10794
10798
10801
10802
10803
10804
10805
10806
10807
10808
10809
10810
10811
10812
10813
10814
10815
10824
10832
10622
10624
10625
10626
10635
10652
10661
10662
10664
10665
10668
10670
10679
10734
10740
10744
10745
10746
10752
10753
10757
10758
10759
10762
10767
10769
10621
10627
10629
10630
10631
10632
10641
10646
10657
10658
10666
10673
10675
10693
10699
10700
10701
10704
10705
10707
10709
10710
10711
10712
10713
10721
10723
10724
10727
10728
10729
10730
10858
10674
10872
10844
10845
10866
10867
10853
10869
10870
80
10842
10848
10854
10856
10857
10859
10860
10861
10862
10863
10868
10841
10843
10851
10852
10676
10871
527
10850
10864
16122
16121
16137
16138
16139
16140
16141
16142
14667
14672
14674
14676
14677
14648
14650
14653
14657
14658
16127
14665
14666
14682
14683
14703
14705
14707
14708
14709
14710
14711
14712
14713
14714
14715
14716
14717
14718
14719
14685
14700
14701
14649
14651
14652
14664
14668
14678
14673
14675
14679
14680
14681
14702
14654
14655
14656
14669
14670
14671
14684
14686
14687
14688
14689
14690
14691
14692
14693
14694
14695
14696
14697
14706
14720
1014
1001
16144
16145
16146
16119
15260
15261
15272
15275
15276
15277
15280
15281
15287
15290
15298
15340
15342
15344
15348
15349
15354
15355
15356
15358
15360
15361
15362
15363
15366
15367
15368
15369
15370
15252
15253
15254
15256
15274
15289
15292
15293
15294
15371
15380
15381
15382
15383
15384
15385
15386
15387
15388
15389
15390
15391
15392
15393
15394
15395
15396
15218
15214
15219
15220
15221
15224
15222
15223
15225
15226
15227
15228
15229
15230
15231
15232
15234
15235
15236
15238
15242
15243
15244
15245
15246
15250
15291
15372
15373
15377
15378
15379
15177
15178
15180
15181
15189
15204
15205
15206
10101
15207
15208
15217
15259
15278
15279
15295
15300
15302
15305
15306
15307
15323
15324
15265
15267
15271
15283
15284
15285
15286
15296
15297
15299
15303
15304
15308
15309
15310
15311
15312
15313
15314
15316
15317
15318
15319
15320
15321
15322
15325
15326
15327
15328
15329
15330
15331
15183
15184
15186
15187
15215
15216
15266
15268
15269
15270
15273
15282
15288
15301
15315
15332
15333
15334
15335
15336
15337
15338
15341
15343
15345
15346
15347
15350
15351
15352
15353
15357
15359
15364
15365
15374
15375
15376
15190
15209
15210
15211
15212
15213
15233
15237
15239
15240
15241
15247
15248
15249
15251
15255
15257
15258
15262
15263
15264
15397
15398
15399
15400
15401
15402
15403
15407
15408
15409
15410
15411
15412
15413
15414
15415
15416
15417
15419
15421
15424
15426
15429
15456
15464
15467
15468
15488
15489
15493
15422
15423
15425
15432
15433
15436
15437
15440
15441
15444
15446
15448
15449
15450
15451
15452
15453
15465
15466
15469
15470
15471
15474
15475
15476
15477
15479
15480
15482
15486
15487
15496
15497
15498
15499
15500
15502
15504
15505
15507
15509
15541
15542
15543
15544
15545
15546
15547
15548
15549
15550
15551
15552
15553
15554
15559
15560
15561
15563
15565
15566
15567
15568
15570
15434
15435
15438
15439
15442
15443
15445
15447
15454
15455
15457
15458
15459
15460
15461
15462
15463
15472
15473
15478
15481
15483
15484
15485
15515
15516
15517
15518
15520
15521
15527
15404
15405
15406
15490
15491
15492
15494
15495
15528
15529
15530
15532
15533
15534
15535
15536
15537
15538
15539
15540
15571
15573
15577
15578
15579
15580
15582
15583
15597
15598
15600
15601
15602
15603
15420
15503
15506
15508
15510
15511
15512
15556
15557
15558
15572
15574
15575
15576
15581
15584
15585
15586
15587
15588
15589
15590
15591
15592
15593
15594
15595
15596
15599
15612
15615
15616
15627
15628
15501
15513
15514
15519
15522
15523
15524
15525
15526
15531
15555
15562
15564
15569
15604
15605
15606
15607
15608
15609
15610
15611
15613
15617
15618
15619
15620
15621
15622
15623
15624
15625
15626
15725
15727
15747
15748
15749
15750
15751
15801
15803
15805
15809
15811
15812
15849
15850
15851
15852
15853
15854
15855
15856
15857
15858
15859
15860
15861
15862
15863
15864
15865
15866
15867
15868
15708
15709
15710
15711
15712
15713
15757
15758
15759
15760
15761
15762
15764
15765
15766
15767
15768
15769
15770
15771
15772
15773
15774
15788
15794
15804
15806
15807
15808
15810
15813
15816
15817
15780
15818
15820
15821
15822
15823
15824
15847
15869
15870
15871
15872
15873
15874
15875
15876
15877
15878
15879
15880
15881
15882
15883
15884
15885
15886
15887
15888
15889
15890
15891
15892
15893
15894
15895
15896
15629
15631
15634
15635
15636
15637
15638
15639
15642
15647
15648
15652
15653
15654
15655
15656
15658
15659
15660
15661
15662
15663
15664
15665
15666
15667
15668
15669
15671
15672
15673
15714
15738
15681
15682
15683
15706
15707
15739
15740
15741
15742
15743
15744
15745
15746
15754
15755
15756
15763
15781
15782
15783
15787
15791
15792
15799
15800
15819
15825
15826
15827
15828
15829
15830
15831
15832
15630
15632
15633
15640
15641
15643
15644
15645
15646
15649
15650
15651
15657
15670
15674
15675
15676
15677
15678
15685
15686
15687
15693
15694
15697
15698
15699
15700
15701
15702
15703
15704
15705
15684
15688
15689
15690
15691
15692
15695
15696
15715
15716
15717
15718
15719
15720
15721
15722
15723
15724
15752
15753
15775
15776
15777
15778
15779
15784
15785
15786
15789
15790
15793
15795
15796
15797
15679
15680
131
15726
15728
15729
15730
15731
15732
15733
15734
15735
15736
15737
15798
15802
15814
15815
15833
15834
15835
15836
15837
15838
15839
15840
15841
15842
15843
15844
15845
15846
15848
15930
15931
15932
15933
15935
15937
15938
15941
15942
15943
15944
15945
15946
15947
15948
15952
15972
15973
15974
15975
15976
15977
15990
15991
15992
15993
15994
15996
15997
15998
15999
16004
16005
16006
16008
16009
16010
16011
16012
16007
16013
16017
16019
16020
16021
16022
16023
16024
16025
16026
16027
16028
16029
16030
16032
16033
16034
16046
16047
16048
16049
16050
16052
16053
16056
16057
16058
16059
16060
16061
16062
16063
16064
16065
16066
16070
16071
16072
16073
15914
15916
15917
15918
15919
15920
15921
15922
15924
15925
15926
15927
15929
15939
15940
15949
15950
15951
16123
16136
16158
15934
15936
16075
16076
16077
16078
16079
16080
16081
16082
16083
16084
16085
16086
16087
16088
16089
16090
16091
16092
16093
16094
16095
16096
16097
16098
16099
16101
16103
16104
16105
16106
16108
16109
16110
15953
15954
15955
15956
15957
15958
15959
15960
15961
15962
15963
15964
15965
15966
15967
15968
15969
15970
15971
15978
15979
15980
15981
15982
15983
15984
15985
15986
15987
15988
15989
15995
16000
16001
16002
16003
16014
16015
16016
15897
15898
15899
15900
15901
15902
15903
15904
15905
15906
15907
15908
15909
15910
15911
15912
15913
15915
15923
15928
16018
16031
16035
16036
16037
16038
16039
16040
16041
16042
16043
16044
16045
16051
16054
16055
16067
16068
16069
16074
16100
16102
16107
16148
16151
16160
